52,35
35,3
28,1
28,3
10,250
10,308
10,198
10,202
10,186
10,252
10,286
10,232
11,16
11,5
11,11
11,8
9,6
9,4
8,7
8,5
8,4
50,4
50,3
50,2
50,1
50,0
49,4
49,3
49,2
49,1
49,0
45,4
45,3
45,2
45,1
45,0
44,4
44,3
44,2
44,1
44,0
42,5
42,4
42,3
42,2
42,1
42,0
39,5
39,4
39,3
39,2
39,1
39,0
37,5
37,4
37,3
37,2
37,1
37,0
35,1
35,5
25,3
25,1
20,3
20,2
20,1
19,3
19,2
19,1
12,3
12,2
12,1
11,29
11,22
11,20
11,19
11,14
11,13
11,12
11,4
11,3
11,2
11,1
10,307
10,235
18,1
10,193
18,3
10,173
10,155
14,1
10,153
10,145
14,3
10,126
13,1
10,103
10,3
13,3
10,2
10,1
9,7
9,5
9,3
