50,6
50,5
50,4
0,530
0,529
0,528
0,527
0,526
0,525
0,524
0,523
0,522
0,521
0,520
0,519
0,518
0,517
0,516
0,515
0,514
0,513
0,512
0,511
0,510
0,472
62,35
0,273
0,270
14,5
8,14
3,2
3,1
3,3
10,191
10,127
10,113
10,217
10,201
10,173
10,159
10,99
11,7
11,26
11,29
11,10
9,2
59,4
59,3
8,18
8,10
8,15
8,6
8,2
8,3
59,2
59,1
59,0
58,4
58,3
58,2
58,1
58,0
57,4
57,3
57,2
57,1
57,0
56,5
56,4
56,3
56,2
56,1
56,0
51,3
51,2
51,1
51,0
50,3
50,2
50,1
50,0
49,5
49,4
49,3
49,2
49,1
49,0
46,4
46,3
46,2
46,1
46,0
42,4
42,3
42,2
42,1
42,0
41,4
41,3
41,2
41,1
25,3
25,1
20,3
20,2
20,1
19,3
19,2
19,1
12,3
12,2
12,1
11,24
11,23
11,21
11,19
11,18
11,17
11,15
11,14
