42,5
39,5
37,5
35,5
28,4
42,1
42,3
39,1
39,3
37,1
37,3
0,273
0,270
65,35
10,234
10,166
10,274
10,22
10,132
10,122
10,114
10,2
11,18
11,4
11,27
9,7
9,6
9,1
9,4
9,2
9,3
8,13
8,14
8,8
59,4
59,3
8,18
8,10
59,2
8,5
59,1
59,0
58,4
58,3
58,2
58,1
58,0
57,5
57,4
57,3
57,2
57,1
57,0
52,3
52,2
52,1
52,0
51,7
51,6
51,5
51,4
51,3
51,2
51,1
51,0
50,4
50,3
50,2
50,1
50,0
49,4
49,3
49,2
49,1
49,0
45,4
45,3
45,2
45,1
44,4
44,3
44,1
35,3
35,1
28,3
28,1
25,3
25,1
23,3
23,1
20,3
20,2
20,1
19,3
19,2
19,1
12,3
12,2
12,1
11,30
11,29
11,28
11,26
11,25
11,24
11,23
11,21
11,20
11,19
11,17
11,16
11,15
11,14
11,13
11,12
11,11
11,10
11,9
11,8
11,7
11,6
11,3
11,2
